PEs,L1,L2,BW,mnasnet_thrpt,ncf_m_thrpt,mobilenet_v2_thrpt,googlenet_thrpt,dlrmRMC1_m_thrpt,alexnet_thrpt,transformer_thrpt,resnet50_thrpt,wide_resnet50_thrpt,manual_thrpt,shufflenet_v2_thrpt,squeezenet_thrpt,try_thrpt,resnet18_thrpt,vgg16_thrpt,densenet_thrpt,T5_m_thrpt,resnext50_32x4d_thrpt,BERT_m_thrpt,ALBERT_m_thrpt,Avg_thrpt
4.0,16.0,128.0,81920000.0,2.847,2.286,2.851,3.132,2.031,2.627,2.106,2.883,2.879,2.519,2.88,2.859,2.686,2.783,2.384,2.917,2.222,2.903,1.75,1.44,2.748
4.0,16.0,256.0,81920000.0,3.258,2.41,3.227,3.386,3.025,3.19,2.382,3.307,3.202,3.137,3.33,3.317,3.693,3.444,3.292,3.245,2.66,3.242,2.583,1.492,3.124
4.0,16.0,512.0,81920000.0,3.501,3.368,3.291,3.455,2.972,3.264,2.675,3.427,3.291,3.234,3.545,3.568,3.422,3.73,3.564,3.389,2.848,3.434,2.892,1.819,3.308
4.0,16.0,1024.0,81920000.0,3.619,3.234,3.557,3.678,3.433,3.181,3.133,3.522,3.488,3.866,3.569,3.782,3.061,3.814,3.463,3.65,3.247,3.475,3.604,1.878,3.514
4.0,16.0,2048.0,81920000.0,3.714,3.588,3.701,3.743,3.825,3.717,3.651,3.743,3.676,3.894,3.685,3.719,3.629,3.547,3.875,3.702,3.431,3.52,3.624,1.975,3.671
4.0,32.0,128.0,81920000.0,2.983,2.395,2.97,3.027,2.018,3.038,2.085,2.999,3.053,2.44,2.946,2.855,2.87,2.872,2.878,2.935,2.2,2.819,2.0,1.44,2.796
4.0,32.0,256.0,81920000.0,3.372,2.202,3.312,3.367,2.872,3.206,2.498,3.114,3.239,2.954,3.282,3.313,3.214,3.231,2.95,3.225,2.644,3.284,2.228,1.613,3.114
4.0,32.0,512.0,81920000.0,3.552,3.08,3.412,3.551,3.504,3.5,2.829,3.42,3.392,3.15,3.503,3.581,3.293,3.452,3.523,3.369,2.717,3.319,2.941,1.673,3.33
4.0,32.0,1024.0,81920000.0,3.625,3.354,3.647,3.652,3.036,3.557,3.346,3.65,3.561,3.241,3.662,3.75,3.675,3.524,3.701,3.547,3.225,3.671,3.163,1.792,3.552
4.0,32.0,2048.0,81920000.0,3.701,3.537,3.648,3.935,3.55,3.752,3.578,3.698,3.505,3.91,3.67,3.773,3.377,3.739,3.884,3.697,3.795,3.642,3.942,1.975,3.672
4.0,64.0,128.0,81920000.0,2.972,2.549,2.863,2.954,2.718,2.404,2.128,2.928,2.71,2.891,3.118,2.94,3.02,2.816,2.906,2.955,2.0,2.846,2.0,1.2,2.782
4.0,64.0,256.0,81920000.0,3.2,2.434,3.354,3.27,2.578,3.05,2.487,3.164,3.122,2.538,3.286,3.352,3.402,3.243,3.042,3.215,2.0,3.185,2.518,2.044,3.085
4.0,64.0,512.0,81920000.0,3.552,2.911,3.495,3.601,3.134,2.991,2.797,3.405,3.452,3.969,3.489,3.66,3.397,3.496,3.573,3.423,2.6,3.394,2.597,2.279,3.354
4.0,64.0,1024.0,81920000.0,3.569,3.315,3.513,3.61,3.473,3.78,3.174,3.655,3.585,3.904,3.638,3.53,3.632,3.695,3.825,3.562,3.266,3.526,3.179,1.974,3.513
4.0,64.0,2048.0,81920000.0,3.707,3.537,3.636,3.712,3.736,3.731,3.549,3.63,3.648,3.606,3.687,3.821,3.9,3.685,3.869,3.753,3.248,3.671,3.286,1.975,3.664
4.0,128.0,128.0,81920000.0,3.009,2.243,2.859,3.007,2.651,2.773,2.118,2.82,2.768,2.654,2.962,3.018,2.507,2.986,2.581,2.997,2.1,2.966,2.688,1.2,2.792
4.0,128.0,256.0,81920000.0,3.18,2.494,3.217,3.206,2.727,3.581,2.396,3.156,3.31,3.573,3.285,3.509,3.115,3.266,3.26,3.364,2.824,3.234,2.575,1.198,3.125
4.0,128.0,512.0,81920000.0,3.488,2.827,3.333,3.483,3.038,3.163,2.866,3.39,3.403,3.831,3.486,3.684,2.803,3.576,3.588,3.43,3.144,3.392,3.06,2.281,3.342
4.0,128.0,1024.0,81920000.0,3.554,3.381,3.714,3.749,3.385,3.003,3.237,3.563,3.544,3.662,3.631,3.701,3.87,3.497,3.73,3.589,3.588,3.608,3.276,1.938,3.544
4.0,128.0,2048.0,81920000.0,3.773,3.551,3.68,3.794,3.737,3.92,3.506,3.754,3.791,3.868,3.715,3.867,3.888,3.872,3.812,3.665,3.873,3.788,3.721,2.359,3.702
8.0,16.0,128.0,81920000.0,4.824,4.142,4.921,4.94,4.182,5.156,4.024,4.528,4.721,4.8,4.901,4.906,4.533,4.79,4.222,4.908,3.494,4.689,4.0,2.585,4.665
8.0,16.0,256.0,81920000.0,5.772,4.822,5.649,6.192,4.727,5.548,3.936,5.859,5.298,4.635,5.146,5.854,5.962,5.497,5.154,5.62,2.914,5.716,4.331,3.022,5.348
8.0,16.0,512.0,81920000.0,5.886,5.207,6.273,6.429,4.049,5.858,5.054,6.358,5.829,7.022,6.267,6.483,6.337,5.91,5.973,6.091,4.18,5.948,4.768,3.496,5.92
8.0,16.0,1024.0,81920000.0,6.494,5.871,6.808,6.649,6.751,6.147,6.053,6.785,6.42,5.829,6.519,6.98,6.179,6.81,6.742,6.597,5.556,6.338,5.266,3.154,6.475
8.0,16.0,2048.0,81920000.0,6.991,5.89,6.84,6.808,7.232,7.153,6.357,6.734,6.728,7.684,6.815,7.1,6.869,6.82,6.996,6.86,4.552,6.957,6.553,4.605,6.749
8.0,32.0,128.0,81920000.0,4.741,3.785,4.747,4.915,4.336,5.24,3.961,4.718,4.564,4.444,4.738,4.647,4.363,4.847,4.459,4.917,4.0,4.495,3.417,2.725,4.606
8.0,32.0,256.0,81920000.0,5.246,4.542,5.725,5.809,4.759,5.529,4.384,5.307,5.471,4.8,5.533,6.098,5.657,5.77,5.377,5.762,3.417,5.59,5.184,2.927,5.393
8.0,32.0,512.0,81920000.0,6.416,5.933,6.235,6.451,4.68,6.639,5.119,5.862,6.128,7.424,6.083,6.375,4.844,6.376,5.992,6.416,5.665,6.36,4.551,3.871,6.077
8.0,32.0,1024.0,81920000.0,6.707,5.979,6.769,6.666,5.517,6.109,5.729,6.691,6.59,7.455,6.391,6.563,6.302,6.866,6.213,6.713,4.026,6.692,6.131,3.869,6.469
8.0,32.0,2048.0,81920000.0,7.08,6.186,7.045,6.928,6.676,7.1,6.175,6.892,6.971,6.407,6.974,7.082,5.782,7.311,6.538,6.894,6.478,6.793,6.517,3.946,6.798
8.0,64.0,128.0,81920000.0,4.607,3.444,4.64,4.93,4.197,4.799,3.922,4.74,4.489,4.635,4.497,5.022,4.363,5.124,4.139,4.807,3.888,4.855,4.443,2.4,4.577
8.0,64.0,256.0,81920000.0,5.631,4.26,5.669,6.036,4.812,5.951,4.401,5.486,5.614,6.32,5.743,5.886,4.315,5.994,5.032,5.83,4.393,5.94,4.308,2.791,5.507
8.0,64.0,512.0,81920000.0,6.379,5.121,6.378,6.41,5.408,6.906,5.035,5.884,6.133,6.112,6.395,6.491,6.185,6.091,6.326,6.365,5.225,6.335,4.638,2.418,6.067
8.0,64.0,1024.0,81920000.0,6.665,5.827,6.389,6.488,5.411,6.769,5.398,6.85,6.603,7.303,6.832,6.831,5.858,7.243,6.531,6.718,5.919,6.569,6.629,3.169,6.458
8.0,64.0,2048.0,81920000.0,6.567,5.596,6.931,7.0,7.298,7.116,6.163,7.029,6.933,7.569,6.763,7.3,6.706,7.317,7.576,6.921,7.353,6.866,7.493,3.356,6.802
8.0,128.0,128.0,81920000.0,4.72,3.749,4.724,5.022,3.36,5.844,4.065,4.687,4.501,4.049,4.69,4.632,4.1,4.613,4.698,4.923,4.0,4.711,4.222,2.4,4.626
8.0,128.0,256.0,81920000.0,5.61,4.346,5.734,5.765,5.309,6.479,4.268,5.429,5.196,5.115,5.364,5.9,5.929,6.228,5.319,5.76,4.429,5.296,4.57,2.72,5.372
8.0,128.0,512.0,81920000.0,6.514,5.214,6.295,6.656,6.085,6.281,5.1,6.307,5.916,6.402,5.978,6.613,5.833,6.064,5.809,6.478,5.224,6.337,5.144,2.791,6.11
8.0,128.0,1024.0,81920000.0,6.928,5.684,7.03,6.674,6.981,5.973,5.653,6.718,6.697,7.476,6.679,7.194,5.512,6.795,6.044,6.76,5.271,6.469,6.194,3.163,6.545
8.0,128.0,2048.0,81920000.0,6.965,6.741,7.029,6.941,6.186,6.43,6.493,6.903,6.678,7.738,7.031,6.988,5.466,7.409,6.992,7.149,6.208,7.063,7.215,3.275,6.901
16.0,16.0,128.0,81920000.0,7.81,7.456,7.763,7.833,7.729,6.712,7.699,7.861,7.823,6.667,7.383,8.189,7.999,8.163,8.06,8.097,8.0,7.852,8.0,8.0,7.845
16.0,16.0,256.0,81920000.0,8.893,7.821,9.299,8.987,7.52,8.812,8.016,9.76,8.69,12.276,8.588,9.903,9.528,8.608,8.883,9.603,9.025,8.764,8.505,7.884,8.99
16.0,16.0,512.0,81920000.0,11.01,8.444,11.175,11.702,10.782,11.76,8.816,10.289,10.866,13.214,11.135,10.557,10.264,10.134,11.23,11.308,8.444,10.814,9.863,8.714,10.676
16.0,16.0,1024.0,81920000.0,11.247,9.328,11.891,12.349,8.325,12.039,10.307,11.854,12.308,13.595,11.456,12.399,12.692,12.457,11.245,12.162,10.64,11.41,11.079,8.332,11.617
16.0,16.0,2048.0,81920000.0,12.754,11.267,13.039,13.281,8.571,14.419,11.314,12.938,12.817,13.362,12.008,14.158,10.721,12.91,12.682,13.004,13.703,12.521,12.42,12.549,12.631
16.0,32.0,128.0,81920000.0,7.915,7.065,7.818,8.007,7.986,7.755,8.039,7.773,7.592,7.667,7.815,7.751,7.666,6.941,7.859,7.724,7.524,7.613,6.833,8.0,7.767
16.0,32.0,256.0,81920000.0,9.449,8.121,8.836,9.807,8.063,10.489,7.809,9.541,9.053,7.667,9.18,8.873,9.954,9.183,8.563,9.544,9.108,8.995,7.268,9.085,9.07
16.0,32.0,512.0,81920000.0,10.898,8.257,10.916,11.022,9.077,10.678,8.8,11.355,11.299,11.365,10.864,11.627,8.055,11.929,10.683,11.222,9.037,11.107,9.187,9.444,10.723
16.0,32.0,1024.0,81920000.0,12.149,11.341,12.219,11.779,9.305,10.34,9.726,12.232,11.773,12.013,11.84,12.971,11.554,11.933,10.884,12.172,11.873,12.42,9.696,9.305,11.698
16.0,32.0,2048.0,81920000.0,12.778,11.16,13.052,12.954,11.936,13.131,11.737,12.71,13.036,12.111,12.648,12.839,10.326,12.611,14.044,12.514,12.472,12.6,10.786,10.737,12.554
16.0,64.0,128.0,81920000.0,7.664,7.039,8.162,7.865,7.848,7.72,7.535,7.799,7.902,5.833,7.692,8.27,7.999,7.383,7.846,7.917,5.776,7.908,6.833,8.0,7.782
16.0,64.0,256.0,81920000.0,9.054,7.99,9.488,9.955,8.187,9.752,7.832,8.936,8.605,8.444,8.839,9.331,9.398,9.584,9.307,9.621,8.591,9.222,8.0,8.992,9.071
16.0,64.0,512.0,81920000.0,11.148,8.945,10.139,11.447,7.556,10.68,8.807,11.413,11.199,7.667,10.607,11.658,9.722,11.197,12.203,11.591,7.04,11.452,9.202,6.6,10.766
16.0,64.0,1024.0,81920000.0,11.633,9.342,12.481,12.022,13.292,12.432,10.141,12.34,12.04,10.353,12.249,12.661,11.936,12.804,13.307,12.204,9.837,12.418,11.002,10.759,11.886
16.0,64.0,2048.0,81920000.0,13.085,11.306,13.183,13.202,9.199,14.038,11.788,12.917,13.015,13.031,12.027,13.993,13.512,13.061,13.831,12.956,11.41,12.546,10.553,11.649,12.717
16.0,128.0,128.0,81920000.0,7.447,6.539,7.947,7.887,7.848,7.7,7.802,7.754,7.987,4.667,7.664,8.073,7.999,8.138,8.041,7.784,8.0,7.901,8.0,8.107,7.792
16.0,128.0,256.0,81920000.0,9.068,6.154,9.091,9.344,8.943,8.819,8.003,9.172,9.193,8.772,8.946,9.725,8.888,8.807,8.819,9.598,8.444,8.639,8.8,8.0,8.99
16.0,128.0,512.0,81920000.0,10.935,8.162,10.516,11.181,8.182,12.642,8.717,10.68,11.228,13.751,10.944,11.73,10.831,11.515,11.66,11.185,9.103,10.571,10.287,9.368,10.649
16.0,128.0,1024.0,81920000.0,12.449,10.813,12.532,12.624,11.485,9.943,10.222,12.072,11.939,8.733,11.7,12.273,8.726,13.041,12.311,12.157,9.662,11.841,9.826,10.673,11.822
16.0,128.0,2048.0,81920000.0,12.561,9.961,12.496,13.012,9.118,14.773,11.027,13.415,13.225,14.369,12.359,13.985,11.925,12.344,13.018,12.694,10.367,12.859,10.773,12.212,12.504
32.0,16.0,128.0,81920000.0,7.881,1.909,8.771,8.506,3.731,8.248,2.718,7.806,8.339,5.897,7.847,9.793,3.814,6.574,7.25,7.589,1.077,7.255,1.576,3.96,6.975
32.0,16.0,256.0,81920000.0,14.641,14.78,14.738,14.214,15.629,10.788,15.2,15.197,14.54,16.0,14.537,14.758,13.775,15.746,14.906,14.213,16.0,14.372,11.239,16.0,14.617
32.0,16.0,512.0,81920000.0,16.974,15.663,17.721,18.252,14.729,17.414,15.951,18.22,18.683,16.0,17.58,18.468,18.729,18.802,14.946,17.37,17.401,18.45,17.659,17.694,17.492
32.0,16.0,1024.0,81920000.0,20.163,16.705,21.302,19.628,18.445,19.822,17.191,21.989,21.702,24.571,20.11,21.706,20.751,21.297,21.809,21.022,19.546,22.197,18.813,19.557,20.425
32.0,16.0,2048.0,81920000.0,23.037,17.335,22.907,23.347,19.424,24.064,19.468,23.278,23.096,23.513,22.092,22.849,26.152,25.394,23.469,21.683,24.395,23.702,19.839,20.476,22.226
32.0,32.0,128.0,81920000.0,7.786,3.913,7.62,8.703,4.096,7.454,2.772,7.651,8.05,3.367,8.233,9.41,3.655,6.953,6.873,8.15,4.245,9.148,3.276,6.062,7.227
32.0,32.0,256.0,81920000.0,14.305,13.059,15.389,15.643,13.86,17.236,15.42,15.66,15.326,19.232,13.98,15.573,15.33,15.515,15.077,14.882,16.0,15.604,15.771,16.0,15.145
32.0,32.0,512.0,81920000.0,17.736,17.31,18.275,17.935,14.001,21.875,15.575,18.445,16.507,20.978,16.029,19.211,14.527,18.187,15.849,17.029,16.931,18.531,12.766,19.01,17.23
32.0,32.0,1024.0,81920000.0,20.536,20.324,21.94,21.432,14.909,16.418,16.659,22.239,22.168,18.325,21.255,21.925,21.805,23.085,21.012,21.432,18.265,22.302,17.9,16.0,20.792
32.0,32.0,2048.0,81920000.0,22.452,17.815,23.962,23.208,17.948,20.343,19.825,24.118,22.497,22.592,21.421,26.445,28.913,23.268,23.974,22.785,19.043,22.439,18.669,21.172,22.416
32.0,64.0,128.0,81920000.0,8.847,1.677,7.562,8.097,4.126,8.59,2.515,7.586,8.465,7.039,8.374,9.454,4.152,6.55,7.816,8.038,1.648,6.718,1.581,5.314,7.009
32.0,64.0,256.0,81920000.0,14.011,15.015,15.852,15.588,9.156,17.281,15.484,15.001,15.649,16.889,14.405,16.106,15.997,15.424,14.78,14.807,11.986,15.602,16.0,14.096,15.107
32.0,64.0,512.0,81920000.0,17.353,13.443,19.637,17.771,12.921,17.694,16.101,18.528,18.259,14.667,16.757,17.842,12.708,15.949,17.688,17.3,16.354,17.911,16.494,16.331,17.353
32.0,64.0,1024.0,81920000.0,20.236,16.802,21.4,20.965,20.024,19.577,18.065,21.18,22.427,19.752,20.721,22.101,18.956,20.449,21.527,21.57,21.17,21.215,20.099,18.662,20.736
32.0,64.0,2048.0,81920000.0,23.391,18.683,23.865,24.787,19.439,26.217,19.353,24.239,24.356,23.77,21.571,25.36,27.99,22.824,25.417,23.679,20.249,23.021,18.353,21.178,22.978
32.0,128.0,128.0,81920000.0,7.736,2.665,7.159,8.435,5.037,6.045,2.447,7.507,7.819,8.889,8.191,8.752,6.044,8.267,7.9,8.081,2.75,6.538,4.423,3.999,6.919
32.0,128.0,256.0,81920000.0,13.133,14.633,15.52,15.253,14.138,15.053,15.315,15.02,14.882,16.0,14.066,15.751,15.997,15.375,17.041,14.311,16.0,15.081,16.0,16.264,14.838
32.0,128.0,512.0,81920000.0,17.564,15.766,19.048,17.288,15.008,17.813,16.808,18.708,17.715,17.676,16.488,18.279,13.2,20.136,16.403,17.654,15.273,17.214,16.889,18.28,17.543
32.0,128.0,1024.0,81920000.0,20.604,16.533,20.151,21.591,18.505,24.198,18.313,22.068,22.358,20.24,20.387,22.355,24.294,21.657,21.692,20.475,19.496,21.446,19.273,22.424,20.657
32.0,128.0,2048.0,81920000.0,22.055,17.698,24.605,23.719,21.068,18.507,20.388,23.66,23.738,24.374,22.734,23.093,26.373,24.034,24.477,22.436,20.581,24.427,23.446,14.629,22.697
64.0,16.0,128.0,81920000.0,7.663,2.283,7.855,8.338,5.09,8.205,3.436,8.013,8.806,8.827,8.826,10.457,4.805,7.825,9.24,7.745,4.719,8.141,3.319,4.107,7.364
64.0,16.0,256.0,81920000.0,15.948,4.996,14.271,13.548,6.266,14.886,5.19,15.816,14.924,12.333,15.719,18.055,4.485,13.63,15.558,16.915,6.035,14.381,4.861,6.896,13.686
64.0,16.0,512.0,81920000.0,26.493,28.485,28.257,29.562,27.524,30.187,31.524,30.991,27.454,32.0,28.702,28.347,20.334,27.508,29.928,29.022,32.0,30.636,32.0,32.0,29.262
64.0,16.0,1024.0,81920000.0,29.185,31.5,33.588,34.799,32.691,35.289,33.369,37.829,37.234,30.667,32.869,32.074,36.203,36.632,32.502,35.799,32.0,37.627,28.095,32.0,34.537
64.0,16.0,2048.0,81920000.0,38.289,36.02,41.599,39.992,30.532,38.437,39.275,39.466,40.821,40.178,38.288,37.909,33.736,36.95,39.225,39.963,34.709,38.768,37.621,37.472,39.266
64.0,32.0,128.0,81920000.0,8.072,2.553,7.756,9.291,3.415,8.958,3.37,7.866,8.172,4.035,10.312,9.827,6.761,9.58,7.8,8.096,5.528,7.513,3.056,5.195,7.537
64.0,32.0,256.0,81920000.0,15.068,8.555,14.593,15.418,9.698,15.137,4.838,16.372,14.711,20.312,14.906,18.412,14.65,16.819,15.384,16.893,1.645,16.237,4.464,10.682,14.085
64.0,32.0,512.0,81920000.0,27.613,26.79,30.686,26.718,25.154,28.81,30.594,30.059,29.265,25.333,28.065,27.53,30.654,31.168,31.32,29.147,32.0,28.331,32.0,32.0,29.094
64.0,32.0,1024.0,81920000.0,31.605,34.594,35.869,33.403,28.524,28.13,29.423,34.53,35.009,44.162,32.611,34.329,34.909,32.234,34.078,35.576,32.0,35.002,33.392,32.0,33.64
64.0,32.0,2048.0,81920000.0,37.048,34.856,41.064,42.034,41.064,30.977,35.337,42.925,39.917,44.474,39.345,37.954,45.53,39.367,38.832,40.274,35.003,44.426,31.761,25.067,39.541
64.0,64.0,128.0,81920000.0,8.053,3.506,8.07,8.853,2.282,6.171,2.5,8.638,8.057,4.304,9.378,9.789,7.266,8.682,7.608,8.049,4.131,7.371,5.618,5.948,7.342
64.0,64.0,256.0,81920000.0,16.565,8.116,14.275,13.902,6.872,13.484,5.773,14.598,15.554,19.499,15.845,20.587,15.933,17.42,13.593,17.765,7.678,13.862,7.216,5.36,14.248
64.0,64.0,512.0,81920000.0,27.776,32.843,28.989,26.631,28.542,22.663,30.733,30.547,28.426,19.111,27.436,28.394,25.321,30.11,31.046,28.621,32.0,29.801,26.831,32.0,28.908
64.0,64.0,1024.0,81920000.0,31.049,29.609,33.995,33.553,33.615,26.913,32.81,37.439,35.147,35.556,32.221,33.866,29.178,32.245,37.645,34.861,32.0,36.202,36.789,32.0,34.009
64.0,64.0,2048.0,81920000.0,38.658,36.214,38.687,38.631,34.352,32.922,35.931,43.139,43.464,39.704,35.763,44.52,26.72,29.558,42.482,42.699,40.246,40.982,32.762,38.044,39.622
64.0,128.0,128.0,81920000.0,9.431,1.828,9.358,9.795,3.787,8.523,3.033,8.238,8.852,6.722,9.141,9.187,5.517,7.528,8.176,8.377,4.078,8.164,1.375,2.144,7.713
64.0,128.0,256.0,81920000.0,15.345,6.984,15.225,15.779,10.741,15.064,5.594,15.422,17.288,20.332,14.185,20.062,9.3,15.511,17.389,17.205,6.155,14.967,5.561,11.201,14.382
64.0,128.0,512.0,81920000.0,28.561,29.48,27.268,29.672,19.433,27.564,30.194,28.362,29.265,23.755,28.566,30.447,30.654,34.268,31.947,27.479,29.333,28.175,30.933,29.013,28.777
64.0,128.0,1024.0,81920000.0,32.134,34.127,34.49,32.118,30.009,26.794,33.326,32.247,36.156,45.898,31.878,37.624,32.787,33.472,33.643,34.694,32.762,35.171,35.825,34.117,33.844
64.0,128.0,2048.0,81920000.0,38.235,33.878,40.502,40.965,31.966,42.67,37.623,42.471,41.357,43.15,37.886,43.066,34.276,45.405,41.775,41.665,33.686,42.128,31.265,42.208,40.328
128.0,16.0,128.0,81920000.0,7.332,2.227,7.85,9.121,5.858,9.357,3.505,8.921,8.397,4.885,8.655,9.565,6.333,9.765,8.404,8.51,1.4,8.126,3.038,1.49,7.562
128.0,16.0,256.0,81920000.0,15.617,3.086,14.185,16.17,14.998,15.57,9.058,17.453,15.973,14.889,16.345,19.25,14.852,15.273,15.708,16.207,7.729,16.176,4.079,10.011,14.798
128.0,16.0,512.0,81920000.0,27.589,14.983,33.141,32.539,8.661,34.446,16.772,28.749,27.034,29.333,30.987,31.837,22.814,27.143,33.646,29.341,14.429,22.287,15.934,25.952,26.977
128.0,16.0,1024.0,81920000.0,51.347,54.595,49.541,52.534,56.441,64.0,60.186,52.933,56.539,51.995,50.477,53.282,51.692,65.093,57.556,50.593,59.429,58.774,62.061,64.0,54.224
128.0,16.0,2048.0,81920000.0,61.433,52.36,60.782,59.95,57.267,68.828,64.806,65.453,69.492,63.932,61.462,60.895,64.371,67.637,65.858,64.037,64.0,67.489,64.0,64.0,63.75
128.0,32.0,128.0,81920000.0,8.74,3.698,8.077,9.768,6.406,7.384,3.492,8.833,8.593,1.57,8.688,10.305,9.316,10.492,8.29,8.041,5.165,8.517,4.388,5.592,7.791
128.0,32.0,256.0,81920000.0,16.184,9.376,15.929,14.604,9.78,15.469,7.632,16.141,14.093,13.996,14.374,22.646,16.997,22.935,22.617,17.17,17.304,17.169,9.726,2.606,15.138
128.0,32.0,512.0,81920000.0,31.823,19.455,30.19,28.71,16.249,20.53,16.058,24.288,24.249,32.444,30.608,33.574,17.687,31.64,29.48,26.443,15.19,26.74,12.487,11.71,25.835
128.0,32.0,1024.0,81920000.0,49.751,45.574,48.502,52.08,50.451,41.657,60.291,57.335,57.24,60.444,48.759,51.106,59.159,58.046,51.361,51.47,59.259,56.006,58.667,69.609,53.594
128.0,32.0,2048.0,81920000.0,64.487,61.905,61.566,58.362,48.484,73.407,65.631,68.568,63.189,56.8,66.764,57.31,59.159,61.427,70.748,57.451,59.378,65.398,64.0,73.142,62.479
128.0,64.0,128.0,81920000.0,8.191,3.539,7.605,8.599,1.624,13.18,3.174,8.195,8.516,9.057,8.432,9.26,7.599,7.14,9.822,8.279,3.073,8.352,1.739,3.379,7.42
128.0,64.0,256.0,81920000.0,15.943,9.689,14.407,15.585,8.305,15.866,9.434,16.752,16.43,19.317,15.547,20.729,4.825,16.808,15.315,16.773,11.217,16.189,6.7,12.495,15.069
128.0,64.0,512.0,81920000.0,31.105,16.731,27.215,29.426,19.996,22.085,17.105,26.69,26.453,33.891,32.359,26.252,27.396,31.768,29.779,24.655,17.294,24.987,13.243,16.636,25.568
128.0,64.0,1024.0,81920000.0,51.846,61.19,56.093,50.445,45.286,44.017,60.715,58.411,56.306,47.259,52.482,54.764,33.244,57.442,66.065,51.795,64.0,55.963,58.807,59.733,54.972
128.0,64.0,2048.0,81920000.0,62.388,61.723,63.598,58.244,46.086,65.176,66.699,68.163,72.498,58.505,65.418,58.319,56.704,65.092,66.441,60.166,63.133,68.59,65.524,51.6,63.832
128.0,128.0,128.0,81920000.0,8.196,6.173,8.215,8.915,5.681,7.721,2.666,7.764,7.91,7.672,8.625,9.737,7.118,9.395,6.402,8.684,1.501,7.999,3.416,6.929,7.499
128.0,128.0,256.0,81920000.0,15.407,5.992,14.906,18.329,13.25,13.588,7.975,19.441,16.809,24.986,15.834,17.483,14.277,17.537,18.212,16.872,7.206,15.031,3.773,4.63,15.15
128.0,128.0,512.0,81920000.0,30.158,13.73,26.232,32.242,10.597,16.476,15.833,26.042,23.614,34.182,32.161,33.209,32.255,26.046,31.915,26.502,25.888,26.438,19.179,21.348,25.866
128.0,128.0,1024.0,81920000.0,51.894,54.227,49.692,52.407,47.196,47.994,62.692,59.063,51.393,49.172,49.615,52.287,58.593,55.663,59.06,51.223,57.383,55.967,58.667,57.6,54.005
128.0,128.0,2048.0,81920000.0,57.684,62.095,54.194,56.894,46.532,70.171,66.184,66.608,72.521,41.333,62.35,58.334,57.468,61.784,69.822,57.902,70.4,70.945,67.272,72.512,62.163
256.0,16.0,128.0,81920000.0,8.318,2.932,9.197,9.546,5.408,5.539,3.109,8.649,7.89,3.509,9.343,11.416,4.507,10.422,8.539,7.973,2.48,7.964,5.238,3.285,7.67
256.0,16.0,256.0,81920000.0,15.835,9.419,13.38,16.453,13.126,11.946,7.987,16.574,15.653,10.905,13.934,22.293,9.708,19.06,20.707,18.053,12.281,14.872,11.063,13.183,15.116
256.0,16.0,512.0,81920000.0,31.846,32.961,32.811,31.817,13.08,30.271,17.382,31.598,28.465,19.323,32.128,31.827,24.208,33.14,29.804,28.192,8.825,24.46,18.499,18.692,27.86
256.0,16.0,1024.0,81920000.0,53.08,49.239,51.796,64.234,29.792,46.384,31.604,53.893,48.53,51.695,62.003,57.528,42.33,66.366,54.031,68.842,44.769,42.948,28.497,42.129,54.03
256.0,16.0,2048.0,81920000.0,88.706,100.294,93.485,95.225,88.455,73.193,116.728,118.221,116.075,110.222,83.574,108.911,67.225,109.928,87.098,96.54,125.244,105.74,128.0,128.0,102.031
256.0,32.0,128.0,81920000.0,8.197,2.712,8.967,8.913,4.423,7.961,3.076,7.814,7.702,3.211,8.459,10.555,4.966,9.99,9.78,8.049,2.99,8.205,1.41,4.285,7.449
256.0,32.0,256.0,81920000.0,15.153,4.975,14.284,15.212,7.057,9.185,8.755,16.418,15.712,19.956,16.043,22.179,9.708,18.718,15.854,17.072,7.136,14.803,9.437,14.759,14.822
256.0,32.0,512.0,81920000.0,35.374,28.126,30.553,34.438,21.128,24.192,19.758,33.761,29.127,44.857,34.258,32.246,19.488,32.764,34.628,28.495,31.703,31.575,37.732,23.879,29.904
256.0,32.0,1024.0,81920000.0,52.688,51.607,47.582,65.124,32.593,75.457,31.259,56.834,53.796,46.933,62.652,71.276,32.821,64.478,53.383,70.405,60.3,52.599,25.094,15.994,55.943
256.0,32.0,2048.0,81920000.0,96.767,98.517,88.925,89.409,80.481,79.004,115.332,103.008,111.106,67.224,84.954,88.355,103.46,96.946,101.391,98.129,133.678,109.881,128.0,110.736,99.977
256.0,64.0,128.0,81920000.0,7.884,3.788,8.444,8.932,5.45,8.95,3.997,8.693,7.95,3.076,9.121,10.336,5.926,10.508,8.668,7.936,3.089,7.558,4.36,3.397,7.613
256.0,64.0,256.0,81920000.0,14.904,7.746,14.637,14.909,13.595,22.972,9.859,15.455,16.845,21.827,14.182,18.727,3.833,20.576,18.135,17.264,8.509,16.28,10.812,11.689,15.113
256.0,64.0,512.0,81920000.0,34.401,16.147,29.585,35.395,26.775,18.656,18.419,25.866,26.846,38.667,35.883,33.441,21.523,34.457,22.378,26.315,3.471,27.024,12.155,11.993,27.417
256.0,64.0,1024.0,81920000.0,55.579,55.471,53.61,62.794,33.793,73.031,34.089,54.515,52.408,35.344,63.333,53.703,32.334,44.275,45.96,69.783,23.633,47.489,16.369,11.486,54.35
256.0,64.0,2048.0,81920000.0,91.269,100.261,90.935,86.861,86.399,99.795,111.679,111.01,111.152,83.436,87.366,90.295,57.318,101.051,111.76,90.632,132.797,106.755,126.671,107.208,98.382
256.0,128.0,128.0,81920000.0,7.492,4.158,8.679,8.628,4.552,9.41,3.465,9.165,7.98,12.44,8.369,11.294,4.775,8.326,7.836,8.489,4.029,7.945,2.821,5.177,7.638
256.0,128.0,256.0,81920000.0,14.275,4.206,16.518,14.476,14.799,5.763,9.488,18.551,16.271,21.661,14.455,21.44,17.013,16.361,17.435,16.674,14.318,14.904,9.087,13.797,14.998
256.0,128.0,512.0,81920000.0,32.314,27.295,30.13,33.066,27.517,26.875,18.937,27.512,32.062,41.467,33.073,34.655,23.676,28.914,27.39,30.52,17.381,23.876,25.251,17.393,28.653
256.0,128.0,1024.0,81920000.0,59.248,40.406,58.712,54.434,30.866,57.29,30.386,49.628,50.315,29.333,66.629,73.114,11.098,50.64,51.676,73.596,17.06,48.634,17.758,10.62,54.897
256.0,128.0,2048.0,81920000.0,89.703,91.66,90.647,95.591,76.157,112.396,124.513,110.357,102.404,95.457,80.222,95.134,91.886,110.154,111.387,92.569,121.373,102.076,106.659,137.259,99.893
512.0,16.0,128.0,81920000.0,8.373,3.931,8.658,9.088,7.421,7.696,3.771,8.734,9.294,5.255,9.065,11.08,9.082,9.406,7.355,8.275,3.265,7.867,3.54,3.981,7.84
512.0,16.0,256.0,81920000.0,14.046,13.704,14.534,16.82,11.773,16.488,8.254,15.311,15.427,19.599,15.04,23.235,10.932,16.862,18.32,16.959,15.735,14.147,9.082,18.132,14.931
512.0,16.0,512.0,81920000.0,30.773,24.747,27.725,32.506,25.161,25.889,17.824,27.369,25.429,45.587,29.158,38.37,10.129,26.905,32.476,30.602,23.198,31.607,9.846,15.017,27.942
512.0,16.0,1024.0,81920000.0,57.067,71.193,52.077,70.201,67.926,88.533,39.252,69.885,47.143,118.7,65.413,57.366,24.791,56.482,75.517,73.935,49.455,61.909,29.889,22.099,60.739
512.0,16.0,2048.0,81920000.0,88.862,89.756,107.051,98.986,83.01,177.738,87.68,109.29,97.054,87.195,95.573,129.849,23.918,86.644,131.411,102.695,68.444,108.249,65.269,67.55,99.67
512.0,32.0,128.0,81920000.0,8.926,5.195,8.863,9.07,4.541,6.235,3.931,8.847,8.084,2.471,9.536,10.836,4.976,9.568,10.217,8.745,4.601,8.608,2.751,7.407,8.057
512.0,32.0,256.0,81920000.0,13.468,11.509,15.904,18.317,6.702,15.8,7.59,16.405,14.403,15.0,15.123,20.381,5.599,17.684,14.808,17.417,7.899,15.274,7.456,10.05,14.818
512.0,32.0,512.0,81920000.0,29.254,20.526,26.156,35.69,35.478,15.302,16.484,27.391,24.652,29.333,35.043,32.757,31.369,33.419,39.392,28.971,20.374,27.851,10.82,17.287,27.639
512.0,32.0,1024.0,81920000.0,49.038,68.642,50.367,60.921,52.436,67.868,43.765,67.673,46.546,48.399,59.473,60.436,51.617,70.936,66.623,72.98,68.398,60.965,32.815,24.314,59.025
512.0,32.0,2048.0,81920000.0,118.444,81.764,101.518,111.209,79.705,154.738,75.256,95.338,101.536,90.518,106.169,98.384,102.999,119.657,88.363,98.889,19.084,86.962,72.304,55.202,97.121
512.0,64.0,128.0,81920000.0,8.716,3.695,8.859,9.381,3.84,7.844,4.12,9.29,8.466,11.924,8.894,10.891,5.828,9.042,11.442,9.084,3.255,8.028,4.02,7.46,8.166
512.0,64.0,256.0,81920000.0,15.536,7.897,14.451,14.059,10.697,15.068,10.952,15.778,14.262,18.994,14.468,20.018,9.151,17.345,19.087,17.409,11.155,15.898,13.093,22.737,15.107
512.0,64.0,512.0,81920000.0,29.634,28.388,26.476,33.999,16.191,24.795,15.589,29.284,28.187,23.486,30.313,35.994,23.919,30.459,35.134,28.978,9.65,31.643,16.332,19.918,27.657
512.0,64.0,1024.0,81920000.0,55.31,74.387,60.622,61.434,62.681,98.24,31.631,70.877,60.544,27.754,59.246,66.155,37.998,52.16,78.23,77.37,68.086,71.68,20.271,54.97,61.831
512.0,64.0,2048.0,81920000.0,107.449,109.13,94.216,114.072,93.399,135.454,67.828,129.944,99.77,53.74,95.553,106.817,78.111,115.525,97.309,103.734,100.965,93.98,53.016,51.851,99.203
512.0,128.0,128.0,81920000.0,8.415,3.982,9.26,9.187,4.778,6.8,4.89,8.399,8.121,6.626,8.294,11.47,7.884,10.04,9.063,8.768,3.725,8.976,4.861,6.793,8.127
512.0,128.0,256.0,81920000.0,15.107,7.847,14.499,16.811,11.994,10.152,8.687,15.988,15.034,20.655,15.866,19.913,7.881,20.393,16.406,17.399,4.678,15.043,6.077,11.662,14.944
512.0,128.0,512.0,81920000.0,31.11,21.064,24.078,31.849,25.521,15.984,19.236,29.133,26.27,32.889,34.171,42.887,36.813,26.152,32.853,25.575,21.702,30.439,15.838,17.656,27.367
512.0,128.0,1024.0,81920000.0,48.555,75.892,63.11,62.733,56.875,78.35,32.865,61.595,57.31,32.444,64.419,61.141,38.657,52.597,70.541,71.335,27.808,62.214,20.355,19.019,58.299
512.0,128.0,2048.0,81920000.0,115.921,81.085,91.608,119.511,84.424,93.217,86.662,96.129,99.647,142.688,96.646,107.106,33.365,115.403,68.669,110.411,75.932,89.931,99.928,104.954,100.706
