PEs,L1,L2,BW,mnasnet_thrpt,ncf_m_thrpt,mobilenet_v2_thrpt,googlenet_thrpt,dlrmRMC1_m_thrpt,alexnet_thrpt,transformer_thrpt,resnet50_thrpt,wide_resnet50_thrpt,manual_thrpt,shufflenet_v2_thrpt,squeezenet_thrpt,try_thrpt,resnet18_thrpt,vgg16_thrpt,densenet_thrpt,T5_m_thrpt,resnext50_32x4d_thrpt,BERT_m_thrpt,ALBERT_m_thrpt,Avg_thrpt
4,16,128,81920000,2.847,2.286,2.851,3.132,2.031,2.627,2.106,2.883,2.879,2.519,2.88,2.859,2.686,2.783,2.384,2.917,2.222,2.903,1.75,1.44,2.748
4,16,256,81920000,3.258,2.41,3.227,3.386,3.025,3.19,2.382,3.307,3.202,3.137,3.33,3.317,3.693,3.444,3.292,3.245,2.66,3.242,2.583,1.492,3.124
4,16,512,81920000,3.501,3.368,3.291,3.455,2.972,3.264,2.675,3.427,3.291,3.234,3.545,3.568,3.422,3.73,3.564,3.389,2.848,3.434,2.892,1.819,3.308
4,16,1024,81920000,3.619,3.234,3.557,3.678,3.433,3.181,3.133,3.522,3.488,3.866,3.569,3.782,3.061,3.814,3.463,3.65,3.247,3.475,3.604,1.878,3.514
4,16,2048,81920000,3.714,3.588,3.701,3.743,3.825,3.717,3.651,3.743,3.676,3.894,3.685,3.719,3.629,3.547,3.875,3.702,3.431,3.52,3.624,1.975,3.671
4,32,128,81920000,2.983,2.395,2.97,3.027,2.018,3.038,2.085,2.999,3.053,2.44,2.946,2.855,2.87,2.872,2.878,2.935,2.2,2.819,2.0,1.44,2.796
4,32,256,81920000,3.372,2.202,3.312,3.367,2.872,3.206,2.498,3.114,3.239,2.954,3.282,3.313,3.214,3.231,2.95,3.225,2.644,3.284,2.228,1.613,3.114
4,32,512,81920000,3.552,3.08,3.412,3.551,3.504,3.5,2.829,3.42,3.392,3.15,3.503,3.581,3.293,3.452,3.523,3.369,2.717,3.319,2.941,1.673,3.33
4,32,1024,81920000,3.625,3.354,3.647,3.652,3.036,3.557,3.346,3.65,3.561,3.241,3.662,3.75,3.675,3.524,3.701,3.547,3.225,3.671,3.163,1.792,3.552
4,32,2048,81920000,3.701,3.537,3.648,3.935,3.55,3.752,3.578,3.698,3.505,3.91,3.67,3.773,3.377,3.739,3.884,3.697,3.795,3.642,3.942,1.975,3.672
4,64,128,81920000,2.972,2.549,2.863,2.954,2.718,2.404,2.128,2.928,2.71,2.891,3.118,2.94,3.02,2.816,2.906,2.955,2.0,2.846,2.0,1.2,2.782
4,64,256,81920000,3.2,2.434,3.354,3.27,2.578,3.05,2.487,3.164,3.122,2.538,3.286,3.352,3.402,3.243,3.042,3.215,2.0,3.185,2.518,2.044,3.085
4,64,512,81920000,3.552,2.911,3.495,3.601,3.134,2.991,2.797,3.405,3.452,3.969,3.489,3.66,3.397,3.496,3.573,3.423,2.6,3.394,2.597,2.279,3.354
4,64,1024,81920000,3.569,3.315,3.513,3.61,3.473,3.78,3.174,3.655,3.585,3.904,3.638,3.53,3.632,3.695,3.825,3.562,3.266,3.526,3.179,1.974,3.513
4,64,2048,81920000,3.707,3.537,3.636,3.712,3.736,3.731,3.549,3.63,3.648,3.606,3.687,3.821,3.9,3.685,3.869,3.753,3.248,3.671,3.286,1.975,3.664
4,128,128,81920000,3.009,2.243,2.859,3.007,2.651,2.773,2.118,2.82,2.768,2.654,2.962,3.018,2.507,2.986,2.581,2.997,2.1,2.966,2.688,1.2,2.792
4,128,256,81920000,3.18,2.494,3.217,3.206,2.727,3.581,2.396,3.156,3.31,3.573,3.285,3.509,3.115,3.266,3.26,3.364,2.824,3.234,2.575,1.198,3.125
